TEST 0:
0
TEST 1:
0
TEST 2:
2
4 6 1 2
3 2 1 5
TEST 3:
0
TEST 4:
1
7 1 1 2
TEST 5:
1
1 2 1 4
TEST 6:
0
TEST 7:
1
4 7 1 3
TEST 8:
1
1 4 1 6
TEST 9:
3
3 1 1 7
6 4 1 9
2 4 1 10
TEST 10:
48
114 258 1 3
127 206 1 8
87 118 1 10
4 68 1 13
226 140 1 14
54 191 1 17
202 50 1 21
32 92 1 25
26 139 1 36
126 77 1 38
206 194 1 44
87 29 1 49
1 67 1 57
108 262 1 61
200 125 1 70
26 42 1 73
186 68 1 84
7 143 1 88
22 32 1 90
247 2 1 94
101 209 1 95
190 166 1 102
126 215 1 106
6 145 1 111
129 256 1 119
128 234 1 121
79 5 1 132
149 18 1 137
182 174 1 142
77 140 1 158
85 215 1 161
136 170 1 163
141 77 1 172
173 113 1 179
195 248 1 183
78 39 1 199
182 96 1 218
233 238 1 220
78 46 1 223
31 5 1 224
77 124 1 225
63 131 1 236
190 164 1 240
145 269 1 250
103 215 1 251
128 63 1 253
145 66 1 255
256 174 1 260
TEST 11:
68
220 75 1 2
176 55 1 3
200 419 1 4
182 277 1 6
375 275 1 9
209 92 1 12
46 302 1 13
20 374 1 14
219 366 1 16
352 344 1 21
390 147 1 22
260 46 1 23
84 353 1 33
35 10 1 37
410 108 1 49
167 84 1 59
46 57 1 69
44 317 1 83
302 221 1 86
303 30 1 89
47 233 1 93
335 293 1 94
242 226 1 95
242 139 1 101
200 264 1 103
263 347 1 107
130 79 1 110
410 114 1 112
217 363 1 116
11 62 1 118
8 200 1 120
148 270 1 132
339 160 1 157
368 414 1 158
402 393 1 162
239 375 1 166
194 216 1 169
375 299 1 178
222 259 1 181
388 78 1 187
41 325 1 193
176 216 1 198
338 400 1 199
71 74 1 204
30 308 1 206
195 3 1 208
217 78 1 212
64 160 1 229
220 300 1 234
392 147 1 247
135 406 1 248
335 412 1 256
25 221 1 266
168 297 1 268
397 260 1 274
8 267 1 283
300 410 1 289
168 160 1 298
121 342 1 328
301 286 1 332
320 109 1 333
259 143 1 336
227 251 1 356
167 35 1 360
197 307 1 370
342 17 1 380
244 410 1 391
139 347 1 394
TEST 12:
107
339 138 1 2
12 270 1 5
134 587 1 10
634 148 1 21
158 595 1 30
372 467 1 40
403 653 1 43
554 173 1 47
444 375 1 53
646 338 1 55
595 599 1 57
168 434 1 60
226 589 1 69
449 393 1 72
199 417 1 79
342 224 1 80
200 253 1 87
622 666 1 88
503 97 1 89
148 380 1 91
646 314 1 98
270 442 1 99
182 192 1 100
28 637 1 102
328 678 1 112
639 503 1 115
12 59 1 140
672 234 1 149
513 366 1 151
643 331 1 152
500 93 1 154
226 138 1 162
669 423 1 177
552 684 1 180
499 587 1 181
203 562 1 184
534 678 1 189
483 521 1 204
536 230 1 207
422 276 1 210
678 500 1 216
352 337 1 222
494 665 1 232
278 661 1 241
553 344 1 245
594 273 1 247
113 101 1 248
623 186 1 249
569 522 1 269
651 191 1 271
548 77 1 277
553 629 1 281
163 273 1 293
261 119 1 295
124 93 1 298
258 412 1 311
442 667 1 312
419 209 1 316
361 602 1 318
386 442 1 319
206 587 1 324
619 164 1 326
170 220 1 327
411 46 1 335
437 449 1 353
35 131 1 370
403 92 1 385
376 34 1 387
230 657 1 407
474 399 1 413
358 423 1 414
92 284 1 415
118 48 1 421
31 6 1 430
448 517 1 443
608 462 1 445
223 125 1 447
366 265 1 455
600 276 1 459
211 231 1 460
168 471 1 478
347 213 1 485
24 291 1 487
646 280 1 495
471 146 1 507
360 668 1 512
498 334 1 531
63 456 1 532
560 435 1 535
239 637 1 542
220 600 1 547
307 114 1 550
546 367 1 558
244 110 1 563
97 48 1 572
107 665 1 575
182 305 1 580
178 83 1 596
27 230 1 598
613 452 1 604
565 59 1 615
25 546 1 620
663 540 1 633
78 13 1 636
368 412 1 673
401 471 1 674
227 687 1 679
TEST 13:
78
117 226 1 4
151 244 1 7
131 116 1 12
206 128 1 18
369 318 1 22
399 33 1 23
55 314 1 25
28 5 1 36
196 206 1 38
90 30 1 42
394 51 1 52
353 78 1 60
397 148 1 61
382 363 1 66
375 394 1 70
84 150 1 74
229 116 1 82
110 324 1 86
14 295 1 87
164 364 1 95
186 349 1 99
344 5 1 104
375 19 1 105
309 101 1 108
84 272 1 109
117 9 1 114
232 306 1 118
289 231 1 129
29 64 1 133
226 225 1 137
239 321 1 143
364 402 1 154
412 64 1 162
315 360 1 165
235 55 1 167
231 90 1 171
97 387 1 172
344 27 1 176
314 48 1 179
356 286 1 181
379 68 1 187
144 321 1 195
226 115 1 199
345 344 1 200
260 412 1 201
362 221 1 202
193 365 1 204
268 378 1 210
211 41 1 215
205 110 1 219
8 359 1 222
392 49 1 228
14 375 1 236
386 71 1 238
261 197 1 241
268 31 1 254
336 299 1 262
31 304 1 265
111 406 1 274
288 237 1 277
261 303 1 281
64 117 1 282
142 148 1 284
256 120 1 317
94 372 1 319
405 205 1 322
335 113 1 323
246 279 1 325
16 182 1 331
273 144 1 332
107 338 1 333
384 270 1 346
125 362 1 350
321 41 1 355
259 413 1 358
90 251 1 373
339 276 1 383
209 127 1 395
TEST 14:
50
232 19 1 6
22 218 1 7
277 56 1 14
119 107 1 32
200 161 1 36
180 126 1 45
279 240 1 49
69 19 1 50
188 70 1 57
156 142 1 59
185 273 1 61
227 97 1 75
22 234 1 80
165 236 1 87
227 233 1 91
233 235 1 93
221 239 1 102
24 98 1 109
252 272 1 114
198 228 1 121
132 86 1 129
26 41 1 133
170 237 1 135
71 52 1 139
82 171 1 140
107 124 1 145
272 21 1 148
138 104 1 158
152 211 1 160
12 310 1 174
277 224 1 177
2 71 1 181
126 279 1 184
34 55 1 202
94 63 1 205
69 24 1 215
226 227 1 219
48 117 1 230
123 284 1 231
18 21 1 243
234 286 1 265
99 69 1 267
51 288 1 269
226 188 1 276
272 226 1 295
163 53 1 296
85 164 1 303
85 168 1 305
289 182 1 306
73 47 1 309
TEST 15:
139
185 3 1 4
580 875 1 6
213 639 1 12
80 329 1 15
871 622 1 17
191 859 1 31
437 660 1 32
92 590 1 33
503 46 1 34
370 42 1 43
738 196 1 49
9 870 1 53
140 506 1 56
829 738 1 62
331 741 1 63
872 564 1 64
858 221 1 65
821 44 1 70
361 503 1 73
415 336 1 75
615 13 1 86
819 237 1 88
640 557 1 89
579 156 1 90
129 298 1 93
586 664 1 95
732 453 1 96
560 499 1 97
192 346 1 99
337 171 1 128
224 91 1 131
610 468 1 138
539 586 1 139
675 507 1 151
164 773 1 157
793 875 1 158
656 92 1 159
180 283 1 160
441 834 1 162
817 368 1 163
780 249 1 177
882 215 1 179
440 589 1 186
129 589 1 187
827 372 1 189
684 787 1 198
878 209 1 206
632 483 1 257
413 252 1 258
426 209 1 259
679 221 1 262
459 365 1 275
644 508 1 284
662 184 1 285
541 349 1 294
171 295 1 300
649 295 1 301
103 722 1 313
652 726 1 340
762 816 1 344
225 227 1 354
634 61 1 357
839 662 1 359
68 892 1 363
674 798 1 367
852 705 1 374
401 696 1 388
14 680 1 391
780 808 1 393
422 121 1 395
766 817 1 396
81 651 1 406
625 632 1 411
129 141 1 412
114 866 1 418
24 795 1 425
583 696 1 439
651 659 1 450
857 797 1 462
375 311 1 473
770 349 1 484
182 693 1 495
648 691 1 498
494 355 1 500
652 48 1 511
784 612 1 518
355 609 1 525
782 38 1 526
289 893 1 527
839 456 1 535
77 29 1 546
180 341 1 547
449 774 1 554
204 112 1 566
571 170 1 582
615 810 1 587
142 419 1 592
578 465 1 599
314 751 1 601
645 497 1 606
796 723 1 614
171 402 1 618
789 576 1 621
502 840 1 626
581 296 1 628
550 862 1 631
485 419 1 643
598 735 1 647
662 856 1 658
168 858 1 665
387 155 1 667
458 68 1 678
78 183 1 697
242 727 1 709
883 220 1 710
428 730 1 713
488 852 1 716
238 668 1 721
3 339 1 724
558 377 1 736
608 441 1 743
689 48 1 744
295 674 1 747
430 105 1 749
508 329 1 752
802 134 1 755
581 203 1 757
345 456 1 758
265 205 1 759
84 669 1 765
727 19 1 775
805 82 1 788
61 108 1 800
360 840 1 833
537 251 1 841
216 227 1 842
701 308 1 879
672 753 1 881
534 433 1 884
TEST 16:
96
301 401 1 6
79 566 1 8
312 545 1 9
507 530 1 19
387 456 1 21
420 277 1 29
182 20 1 39
469 596 1 43
251 281 1 45
342 221 1 51
166 387 1 56
501 419 1 66
54 312 1 67
20 417 1 74
151 482 1 76
133 337 1 77
182 602 1 99
176 487 1 111
440 388 1 123
442 55 1 126
209 507 1 134
14 73 1 135
359 176 1 139
276 188 1 141
587 482 1 142
523 552 1 146
191 487 1 147
62 302 1 148
170 130 1 156
91 24 1 160
20 226 1 169
273 542 1 172
549 397 1 177
541 528 1 186
406 183 1 199
273 318 1 202
595 193 1 206
163 98 1 213
541 488 1 232
272 499 1 233
254 348 1 236
328 523 1 239
594 112 1 245
102 222 1 258
104 407 1 262
260 46 1 263
596 315 1 264
223 323 1 270
201 330 1 279
73 238 1 282
113 364 1 289
248 583 1 292
48 102 1 296
121 54 1 309
526 338 1 313
328 469 1 316
304 151 1 324
97 599 1 327
387 374 1 349
280 477 1 353
161 152 1 360
301 204 1 368
55 441 1 369
149 377 1 371
465 570 1 375
209 402 1 379
579 132 1 383
62 261 1 392
12 209 1 409
174 570 1 412
420 391 1 413
228 401 1 422
110 268 1 424
153 124 1 431
57 268 1 447
312 100 1 450
408 48 1 457
280 453 1 463
251 35 1 468
248 433 1 470
601 91 1 474
290 154 1 481
373 574 1 484
425 524 1 490
432 318 1 500
14 32 1 532
340 48 1 544
265 596 1 555
182 391 1 560
230 118 1 564
553 27 1 571
372 110 1 584
136 70 1 592
276 98 1 593
449 344 1 598
25 59 1 600
TEST 17:
174
431 474 1 16
249 886 1 17
805 129 1 18
371 562 1 20
269 459 1 21
627 85 1 22
682 631 1 26
605 53 1 29
515 902 1 31
973 810 1 41
564 767 1 42
217 775 1 56
824 710 1 58
966 207 1 62
292 19 1 74
609 643 1 75
410 106 1 77
183 773 1 84
707 835 1 91
358 959 1 94
794 927 1 95
505 810 1 100
795 411 1 101
467 27 1 104
249 337 1 107
431 303 1 109
884 188 1 110
846 442 1 117
371 155 1 122
70 394 1 124
281 90 1 127
609 401 1 130
51 369 1 133
832 990 1 136
411 885 1 138
37 166 1 141
481 767 1 154
621 763 1 157
839 628 1 159
227 493 1 162
319 24 1 163
751 968 1 164
793 353 1 165
593 572 1 169
556 593 1 179
506 926 1 181
844 513 1 182
153 377 1 186
745 837 1 189
776 393 1 193
53 37 1 205
770 308 1 206
943 394 1 221
70 919 1 233
115 620 1 235
152 522 1 239
440 643 1 250
7 174 1 251
14 973 1 255
530 538 1 268
786 403 1 270
572 395 1 275
583 808 1 277
966 986 1 283
321 178 1 291
553 391 1 296
826 729 1 311
417 449 1 325
609 14 1 344
508 956 1 346
303 763 1 354
263 242 1 362
188 918 1 367
742 970 1 380
754 993 1 381
899 119 1 382
305 959 1 383
892 368 1 392
213 44 1 398
734 597 1 400
310 953 1 412
704 590 1 416
82 397 1 420
93 953 1 428
856 823 1 430
751 631 1 450
768 810 1 451
854 499 1 456
454 266 1 458
309 225 1 461
678 625 1 463
904 550 1 477
787 918 1 496
57 625 1 507
183 178 1 519
447 14 1 520
621 196 1 537
649 144 1 540
660 512 1 543
925 70 1 545
128 363 1 547
332 481 1 548
86 339 1 557
953 648 1 559
844 457 1 561
862 620 1 566
868 369 1 574
866 245 1 580
502 14 1 596
483 766 1 603
484 328 1 615
949 943 1 616
593 350 1 617
976 818 1 618
572 457 1 633
200 917 1 635
650 288 1 636
440 149 1 639
172 982 1 641
961 253 1 651
68 837 1 654
970 551 1 658
455 834 1 665
598 802 1 668
802 468 1 672
960 627 1 673
612 683 1 677
1 958 1 687
983 958 1 688
653 34 1 690
983 809 1 693
49 252 1 694
293 79 1 699
728 924 1 721
643 391 1 724
826 447 1 725
767 797 1 726
288 505 1 735
836 158 1 736
224 364 1 738
337 745 1 743
155 390 1 744
223 509 1 746
833 965 1 750
14 964 1 752
357 656 1 758
294 322 1 760
872 881 1 764
459 111 1 774
765 215 1 778
223 67 1 779
93 59 1 780
274 549 1 781
508 37 1 801
377 180 1 806
792 196 1 819
538 831 1 851
289 261 1 873
371 696 1 894
723 371 1 912
706 406 1 920
638 504 1 921
680 549 1 928
497 489 1 931
246 716 1 932
586 853 1 936
271 504 1 944
366 660 1 951
970 435 1 952
146 773 1 975
474 261 1 989
835 191 1 991
427 469 1 992
854 90 1 997
TEST 18:
79
204 70 1 4
161 375 1 6
458 497 1 10
441 70 1 14
135 50 1 20
177 297 1 26
135 295 1 27
371 98 1 29
374 308 1 39
479 418 1 45
467 223 1 46
314 74 1 54
289 171 1 56
458 100 1 57
277 376 1 66
447 41 1 69
431 308 1 77
337 53 1 83
40 226 1 85
151 418 1 89
499 200 1 94
225 335 1 95
331 291 1 109
442 375 1 112
420 249 1 128
421 332 1 139
277 198 1 145
151 465 1 149
289 93 1 157
166 334 1 158
322 310 1 159
456 503 1 173
137 438 1 178
174 442 1 182
379 284 1 184
111 146 1 189
381 503 1 190
409 62 1 197
52 433 1 207
171 406 1 214
1 150 1 216
160 72 1 220
414 358 1 221
98 333 1 228
234 460 1 252
318 135 1 253
340 401 1 256
287 177 1 257
238 126 1 258
108 243 1 259
60 335 1 271
375 265 1 278
3 118 1 279
126 91 1 281
169 246 1 286
87 165 1 290
273 121 1 300
369 388 1 304
380 483 1 325
499 222 1 329
202 203 1 342
418 262 1 345
404 473 1 349
131 43 1 350
92 1 1 361
140 322 1 372
498 133 1 385
99 172 1 390
291 199 1 417
366 224 1 419
151 209 1 425
266 479 1 429
478 75 1 434
186 76 1 454
175 473 1 455
35 2 1 469
22 348 1 476
222 179 1 482
106 199 1 501
TEST 19:
17
90 9 1 2
60 9 1 10
29 14 1 11
106 53 1 15
111 47 1 18
106 72 1 26
79 77 1 44
112 82 1 51
57 68 1 54
110 112 1 59
6 78 1 61
25 87 1 62
53 80 1 67
81 64 1 94
23 46 1 96
30 89 1 100
110 103 1 101
TEST 20:
17
19 71 1 2
76 43 1 5
42 43 1 14
26 83 1 20
37 93 1 25
100 62 1 35
68 43 1 40
95 33 1 46
68 22 1 48
70 96 1 51
71 57 1 58
36 49 1 60
12 24 1 64
49 13 1 67
81 49 1 77
36 4 1 92
101 45 1 98
TEST 21:
41
234 82 1 3
4 202 1 5
135 184 1 25
81 210 1 28
2 256 1 39
37 216 1 41
234 69 1 44
203 202 1 46
155 7 1 50
104 58 1 53
155 96 1 56
14 209 1 57
99 118 1 61
174 49 1 62
221 258 1 72
230 240 1 89
248 9 1 92
257 170 1 93
73 152 1 95
167 23 1 105
219 7 1 110
30 168 1 113
239 9 1 134
257 211 1 136
169 125 1 140
206 181 1 151
174 40 1 153
106 67 1 163
122 139 1 165
19 20 1 176
31 67 1 179
83 80 1 189
230 43 1 194
78 37 1 200
109 196 1 212
155 192 1 214
106 143 1 225
107 47 1 226
103 218 1 232
138 223 1 243
43 242 1 254
TEST 22:
149
462 311 1 2
941 25 1 5
515 639 1 9
603 796 1 10
774 769 1 14
741 903 1 17
826 443 1 30
796 481 1 37
167 330 1 40
267 157 1 43
731 27 1 45
907 624 1 64
641 930 1 66
61 263 1 72
20 44 1 73
291 805 1 75
612 655 1 77
20 890 1 78
214 912 1 84
152 262 1 95
161 772 1 96
295 267 1 111
771 790 1 113
7 211 1 121
191 160 1 124
716 730 1 127
91 626 1 135
666 662 1 136
497 206 1 145
914 661 1 148
765 501 1 156
508 180 1 158
515 3 1 164
526 504 1 173
651 754 1 175
65 120 1 177
645 448 1 185
741 489 1 194
323 623 1 201
378 150 1 210
152 912 1 212
500 107 1 228
734 13 1 230
169 183 1 234
604 467 1 238
511 28 1 243
343 294 1 266
600 550 1 279
412 379 1 280
347 79 1 282
833 207 1 283
773 301 1 298
892 115 1 303
391 44 1 305
517 920 1 317
451 913 1 318
192 61 1 322
252 198 1 332
770 767 1 341
269 483 1 359
502 833 1 362
733 334 1 372
598 566 1 380
8 560 1 382
726 711 1 384
101 291 1 388
730 494 1 390
609 413 1 401
153 231 1 404
781 100 1 408
686 685 1 415
42 520 1 419
381 685 1 432
708 795 1 435
605 430 1 447
162 665 1 453
536 820 1 456
479 444 1 457
395 575 1 473
857 608 1 488
222 474 1 499
393 548 1 509
728 461 1 514
4 899 1 529
59 379 1 530
144 182 1 538
647 207 1 542
803 674 1 555
795 129 1 562
433 611 1 563
564 142 1 574
218 264 1 577
16 355 1 587
654 352 1 591
761 505 1 599
292 782 1 642
219 224 1 644
464 22 1 649
877 293 1 653
518 267 1 656
617 290 1 668
634 109 1 677
774 954 1 684
375 23 1 688
356 289 1 689
710 495 1 698
784 90 1 715
69 300 1 719
605 633 1 720
870 383 1 725
930 589 1 736
797 199 1 742
851 284 1 748
54 213 1 762
567 638 1 775
590 928 1 778
558 89 1 779
739 797 1 780
170 881 1 786
622 287 1 806
151 342 1 807
801 348 1 809
687 292 1 812
119 169 1 821
851 609 1 822
379 97 1 824
961 931 1 829
856 189 1 841
410 363 1 848
884 21 1 849
434 743 1 855
428 480 1 866
152 470 1 868
397 697 1 869
843 370 1 873
697 811 1 874
276 682 1 875
664 525 1 886
428 34 1 895
889 407 1 906
51 489 1 921
743 198 1 922
696 427 1 923
953 26 1 929
701 904 1 938
321 837 1 940
925 445 1 946
917 442 1 949
566 196 1 957
TEST 23:
93
496 560 1 2
565 327 1 5
625 82 1 20
411 605 1 25
572 249 1 27
475 544 1 28
597 411 1 44
218 592 1 54
395 130 1 55
222 310 1 56
493 38 1 68
317 598 1 70
327 115 1 76
668 631 1 80
65 322 1 83
348 6 1 87
596 119 1 88
481 488 1 95
101 499 1 105
101 435 1 117
297 639 1 120
413 317 1 126
118 301 1 129
267 355 1 147
30 378 1 149
609 387 1 161
123 375 1 162
378 450 1 171
12 84 1 178
373 580 1 179
353 632 1 199
655 355 1 200
326 36 1 201
197 334 1 204
555 144 1 208
244 307 1 219
65 448 1 232
596 188 1 236
508 462 1 242
182 258 1 243
222 324 1 248
633 225 1 250
269 190 1 253
669 389 1 260
238 91 1 268
177 614 1 270
317 482 1 279
81 485 1 280
440 367 1 311
187 104 1 314
43 322 1 325
42 337 1 333
434 499 1 346
601 653 1 354
320 340 1 361
16 412 1 362
504 24 1 363
434 265 1 368
225 114 1 379
332 605 1 398
233 636 1 408
291 245 1 415
542 222 1 419
53 481 1 431
169 472 1 433
371 609 1 441
183 626 1 456
298 34 1 494
116 666 1 495
96 145 1 505
371 411 1 506
99 416 1 507
84 653 1 517
42 170 1 518
186 12 1 527
245 370 1 534
324 569 1 540
617 337 1 541
195 577 1 551
462 266 1 556
580 656 1 557
203 459 1 558
113 499 1 563
163 119 1 581
484 145 1 588
654 356 1 604
233 163 1 606
300 160 1 615
35 18 1 643
593 271 1 644
424 617 1 647
436 411 1 650
340 334 1 667
TEST 24:
55
122 289 1 3
15 176 1 7
180 250 1 8
65 280 1 9
79 83 1 13
70 126 1 19
15 128 1 23
196 148 1 27
208 155 1 29
225 40 1 31
255 41 1 35
93 205 1 45
158 166 1 47
148 139 1 52
205 60 1 57
316 5 1 58
55 63 1 59
133 166 1 62
212 5 1 64
237 288 1 67
106 88 1 69
203 290 1 78
150 287 1 84
49 63 1 94
42 26 1 96
312 91 1 99
101 230 1 109
208 180 1 112
237 129 1 131
263 63 1 132
41 102 1 137
318 40 1 169
152 259 1 178
28 224 1 184
34 173 1 185
98 126 1 187
279 201 1 192
203 144 1 193
265 158 1 194
87 164 1 200
318 147 1 210
95 164 1 218
182 279 1 223
174 87 1 234
326 127 1 238
188 85 1 239
293 259 1 252
146 273 1 256
216 107 1 258
115 12 1 267
175 207 1 268
73 134 1 271
117 145 1 275
49 280 1 302
291 148 1 313
TEST 25:
158
195 750 1 2
156 963 1 3
904 311 1 4
468 234 1 11
255 143 1 16
707 301 1 19
266 242 1 20
186 231 1 24
419 341 1 26
458 930 1 30
994 383 1 46
675 325 1 58
551 272 1 59
902 619 1 66
788 131 1 67
614 834 1 70
173 136 1 74
364 341 1 77
638 631 1 79
305 988 1 80
118 545 1 92
289 157 1 93
147 715 1 97
435 937 1 98
631 196 1 103
534 923 1 105
864 208 1 109
138 352 1 110
489 963 1 114
568 952 1 133
469 225 1 134
57 838 1 139
571 612 1 149
468 21 1 151
524 107 1 154
901 400 1 155
940 227 1 159
145 671 1 167
449 435 1 169
898 218 1 181
36 197 1 183
343 600 1 192
961 808 1 200
793 551 1 204
908 525 1 215
751 543 1 219
548 512 1 226
117 810 1 228
791 248 1 256
211 739 1 257
816 408 1 273
258 654 1 281
254 698 1 288
162 703 1 291
285 112 1 293
162 34 1 294
697 422 1 295
335 318 1 297
86 43 1 302
214 918 1 304
339 430 1 310
389 9 1 314
73 203 1 316
142 387 1 320
645 40 1 329
464 945 1 332
496 633 1 340
187 770 1 350
88 383 1 358
800 940 1 365
844 162 1 374
517 920 1 376
610 261 1 402
364 923 1 403
388 87 1 406
296 248 1 416
318 386 1 423
217 108 1 436
956 985 1 439
206 551 1 448
300 909 1 460
236 206 1 473
29 661 1 474
937 598 1 477
165 177 1 484
764 187 1 486
31 222 1 488
88 809 1 501
903 354 1 503
252 280 1 505
703 621 1 508
656 467 1 530
807 152 1 532
947 719 1 537
739 885 1 539
894 535 1 544
221 108 1 558
32 398 1 559
412 966 1 561
211 864 1 577
328 771 1 603
322 40 1 605
363 261 1 608
904 489 1 615
736 41 1 617
9 72 1 622
517 135 1 632
979 934 1 640
443 880 1 647
39 136 1 653
51 392 1 657
519 801 1 658
907 651 1 660
418 324 1 664
384 952 1 667
964 702 1 700
177 988 1 701
656 324 1 705
438 372 1 709
889 750 1 710
513 202 1 718
113 362 1 721
284 387 1 722
123 188 1 724
670 610 1 726
335 18 1 727
788 880 1 728
263 216 1 732
434 691 1 753
346 982 1 756
945 600 1 766
953 176 1 767
545 595 1 775
568 971 1 776
672 915 1 781
526 201 1 799
479 583 1 811
141 794 1 815
168 580 1 821
553 258 1 832
810 582 1 843
749 904 1 847
456 857 1 862
606 919 1 866
244 327 1 871
491 166 1 872
600 384 1 879
199 498 1 882
778 865 1 922
947 870 1 933
575 132 1 935
713 692 1 938
299 132 1 946
619 771 1 965
96 191 1 969
112 100 1 972
60 683 1 984
682 185 1 987
TEST 26:
65
150 31 1 12
337 246 1 17
322 337 1 23
16 375 1 24
376 152 1 36
90 70 1 43
39 231 1 49
87 337 1 51
270 252 1 74
212 68 1 78
210 290 1 81
401 67 1 84
370 229 1 92
279 381 1 98
313 238 1 102
202 336 1 103
322 385 1 107
144 259 1 111
62 206 1 112
345 64 1 114
101 274 1 119
52 70 1 124
210 405 1 128
62 106 1 139
140 271 1 145
364 1 1 157
45 131 1 159
146 216 1 162
38 266 1 164
322 314 1 166
101 201 1 167
76 317 1 171
364 375 1 175
91 2 1 180
178 346 1 183
372 383 1 191
392 71 1 204
290 339 1 213
82 375 1 221
255 377 1 223
222 346 1 230
373 295 1 232
202 185 1 233
217 392 1 239
196 403 1 247
123 351 1 248
82 296 1 249
344 220 1 261
72 254 1 267
118 359 1 276
242 301 1 277
371 190 1 286
259 77 1 293
347 311 1 312
38 158 1 319
310 89 1 320
340 378 1 328
382 88 1 330
88 295 1 352
228 335 1 360
33 210 1 379
335 200 1 391
116 309 1 393
392 294 1 395
404 89 1 397
TEST 27:
67
17 241 1 2
415 276 1 3
131 33 1 4
273 16 1 9
119 131 1 10
143 332 1 14
296 290 1 15
168 245 1 25
281 210 1 31
52 306 1 38
163 295 1 41
398 223 1 47
21 440 1 59
462 254 1 62
233 90 1 87
33 366 1 91
424 309 1 93
204 22 1 101
204 441 1 115
213 11 1 120
174 328 1 130
68 321 1 139
46 309 1 144
452 208 1 152
419 111 1 172
353 113 1 176
280 379 1 214
278 102 1 216
68 53 1 219
122 168 1 221
65 92 1 229
244 57 1 237
104 239 1 243
379 288 1 246
135 76 1 263
339 224 1 269
378 36 1 271
377 159 1 275
244 281 1 277
186 23 1 279
396 299 1 284
315 262 1 285
396 442 1 286
313 33 1 287
456 338 1 304
364 34 1 312
412 119 1 316
457 146 1 331
278 437 1 333
354 178 1 334
383 185 1 335
322 117 1 336
6 121 1 340
462 348 1 350
339 55 1 359
170 365 1 360
111 129 1 368
388 205 1 381
92 370 1 389
77 294 1 399
379 255 1 404
267 206 1 405
147 329 1 410
297 419 1 411
352 6 1 430
296 134 1 432
195 213 1 448
TEST 28:
104
114 577 1 7
650 259 1 15
624 653 1 24
302 461 1 25
444 4 1 35
248 43 1 36
504 509 1 42
610 618 1 49
13 256 1 50
550 372 1 52
34 184 1 55
164 570 1 57
168 377 1 63
277 43 1 71
386 6 1 72
381 432 1 74
163 360 1 80
182 549 1 89
498 307 1 91
173 230 1 101
419 183 1 103
226 6 1 107
31 560 1 108
16 380 1 109
527 213 1 124
88 370 1 125
190 500 1 126
515 53 1 129
302 171 1 133
483 79 1 155
521 338 1 159
408 642 1 161
360 62 1 167
350 113 1 170
26 143 1 193
317 252 1 199
419 16 1 203
383 572 1 211
114 362 1 215
398 523 1 221
503 522 1 227
362 280 1 229
405 202 1 236
657 627 1 239
520 32 1 249
452 391 1 254
119 192 1 265
327 279 1 267
11 280 1 268
542 56 1 270
392 422 1 272
638 553 1 286
520 59 1 293
168 191 1 296
524 233 1 299
580 462 1 303
533 575 1 305
533 329 1 315
569 362 1 319
87 191 1 323
377 639 1 333
69 367 1 334
519 658 1 339
350 222 1 340
556 86 1 345
376 291 1 348
491 411 1 364
19 30 1 379
304 185 1 390
11 570 1 400
414 28 1 404
175 281 1 406
603 336 1 407
47 391 1 416
116 238 1 423
19 358 1 445
577 275 1 448
165 258 1 449
119 526 1 450
385 132 1 451
462 321 1 453
153 513 1 454
617 634 1 467
482 39 1 468
477 27 1 471
432 508 1 475
30 141 1 507
415 172 1 517
33 277 1 528
83 171 1 546
176 258 1 548
157 83 1 552
566 168 1 555
17 117 1 565
318 275 1 573
183 192 1 585
189 447 1 602
102 233 1 609
542 66 1 612
59 511 1 616
279 88 1 629
23 94 1 633
90 575 1 637
622 371 1 654
TEST 29:
118
502 35 1 2
689 608 1 4
399 663 1 7
463 379 1 11
72 146 1 12
612 129 1 14
628 533 1 17
617 191 1 22
671 333 1 36
66 231 1 43
272 81 1 45
300 640 1 49
246 335 1 51
604 460 1 52
265 3 1 56
82 500 1 58
493 482 1 59
265 209 1 64
515 597 1 74
138 697 1 83
628 665 1 89
691 491 1 94
598 41 1 96
198 103 1 97
400 664 1 107
53 458 1 110
117 112 1 113
379 238 1 115
15 490 1 121
291 98 1 124
246 620 1 127
479 303 1 130
336 119 1 139
87 507 1 140
538 274 1 151
84 234 1 160
32 399 1 161
9 608 1 166
619 247 1 168
145 46 1 170
542 691 1 180
205 66 1 183
378 503 1 184
249 349 1 188
84 34 1 192
129 449 1 193
667 309 1 199
365 680 1 207
41 524 1 226
53 237 1 235
486 5 1 239
212 554 1 240
211 575 1 244
33 606 1 251
354 255 1 260
489 266 1 285
284 318 1 307
301 60 1 308
587 249 1 317
471 455 1 322
301 426 1 327
618 269 1 328
401 234 1 337
673 13 1 339
679 304 1 344
70 100 1 352
54 393 1 370
259 28 1 373
565 453 1 380
437 397 1 385
631 141 1 386
341 395 1 403
445 164 1 410
132 538 1 423
564 234 1 429
300 231 1 432
647 241 1 433
187 511 1 436
119 318 1 441
350 81 1 442
26 519 1 446
174 256 1 447
77 372 1 456
179 555 1 457
463 61 1 462
132 400 1 467
55 535 1 472
387 118 1 476
391 293 1 498
175 289 1 508
601 333 1 513
681 387 1 523
346 474 1 528
659 229 1 543
588 435 1 545
369 453 1 561
343 590 1 563
362 185 1 573
378 420 1 579
406 632 1 582
306 329 1 584
148 220 1 585
33 448 1 586
377 6 1 603
401 542 1 609
131 62 1 611
536 549 1 622
505 21 1 623
28 231 1 630
560 44 1 633
310 92 1 648
525 646 1 649
402 291 1 651
505 562 1 655
261 117 1 666
145 297 1 678
21 487 1 690
520 144 1 696
TEST 30:
99
186 431 1 3
219 591 1 5
78 48 1 12
335 196 1 31
378 573 1 37
579 448 1 50
336 380 1 52
208 427 1 67
344 394 1 69
77 1 1 79
186 163 1 80
513 262 1 81
172 458 1 90
51 567 1 92
156 45 1 99
91 159 1 109
110 156 1 113
432 605 1 117
341 392 1 124
548 569 1 132
161 581 1 133
200 307 1 134
440 218 1 144
248 61 1 147
491 313 1 148
541 584 1 154
303 334 1 164
105 170 1 169
362 537 1 174
378 274 1 177
8 302 1 185
413 186 1 191
292 523 1 193
58 500 1 194
432 551 1 201
307 442 1 204
442 341 1 211
518 369 1 216
129 215 1 222
347 54 1 223
371 588 1 224
480 560 1 234
267 619 1 249
420 36 1 250
525 7 1 255
419 77 1 258
245 129 1 261
462 91 1 263
402 300 1 271
484 116 1 278
470 217 1 279
358 35 1 281
84 1 1 282
242 23 1 284
399 184 1 304
469 409 1 309
345 111 1 332
355 182 1 338
431 127 1 340
209 339 1 342
219 44 1 343
208 95 1 350
337 161 1 352
603 442 1 357
196 598 1 376
179 17 1 391
611 516 1 411
302 240 1 412
141 160 1 422
292 125 1 426
387 257 1 435
116 583 1 443
104 601 1 454
432 187 1 466
176 336 1 473
405 207 1 475
208 369 1 476
461 220 1 481
36 385 1 486
41 233 1 502
58 605 1 505
384 479 1 510
375 381 1 524
535 320 1 526
537 49 1 529
246 586 1 532
205 428 1 542
10 371 1 546
582 469 1 553
301 302 1 555
64 35 1 557
583 440 1 565
73 78 1 572
410 380 1 575
43 259 1 576
543 498 1 587
95 548 1 590
504 307 1 608
436 270 1 609
TEST 31:
153
185 750 1 6
348 474 1 22
429 127 1 26
346 410 1 30
14 642 1 33
70 11 1 47
642 782 1 48
344 257 1 50
785 211 1 52
719 501 1 54
493 535 1 57
152 721 1 61
501 411 1 64
805 854 1 65
757 177 1 72
316 277 1 81
580 658 1 88
53 576 1 92
853 243 1 95
684 284 1 98
285 4 1 107
818 332 1 108
776 548 1 126
751 639 1 135
377 349 1 141
826 576 1 143
177 446 1 144
60 505 1 145
581 644 1 160
526 214 1 172
726 454 1 181
110 419 1 187
758 419 1 190
369 632 1 193
745 300 1 198
518 302 1 206
166 318 1 208
373 498 1 216
109 351 1 219
549 184 1 220
257 813 1 230
601 753 1 234
24 618 1 235
243 260 1 239
296 1 1 240
842 850 1 242
481 817 1 245
279 357 1 247
182 773 1 254
45 147 1 255
186 83 1 256
97 36 1 263
545 767 1 265
663 371 1 266
109 252 1 272
625 476 1 273
94 640 1 274
146 625 1 292
866 159 1 293
788 136 1 304
269 51 1 317
507 290 1 327
566 188 1 329
407 676 1 330
881 86 1 335
79 203 1 341
581 625 1 342
365 162 1 354
619 476 1 358
879 783 1 367
735 446 1 374
58 662 1 390
883 789 1 398
32 417 1 404
523 519 1 420
753 792 1 426
614 648 1 430
833 633 1 431
310 618 1 436
12 320 1 443
423 323 1 444
762 677 1 455
373 435 1 456
13 633 1 460
67 101 1 464
231 279 1 478
185 132 1 479
832 818 1 485
43 884 1 491
567 765 1 499
94 153 1 512
277 343 1 514
300 529 1 515
407 307 1 517
535 68 1 521
884 127 1 524
378 392 1 539
146 516 1 543
508 377 1 553
117 797 1 555
192 773 1 556
372 746 1 558
376 850 1 561
433 567 1 562
594 875 1 563
388 476 1 569
43 428 1 570
203 574 1 572
600 773 1 577
535 852 1 584
564 791 1 585
591 246 1 592
586 243 1 599
202 842 1 606
634 110 1 609
474 291 1 612
461 227 1 622
173 298 1 631
16 119 1 650
792 764 1 651
743 762 1 656
359 659 1 661
229 548 1 667
385 759 1 671
295 360 1 674
475 150 1 685
128 453 1 691
640 58 1 698
756 417 1 699
90 213 1 715
93 767 1 732
551 495 1 737
536 532 1 742
377 546 1 749
195 17 1 780
756 850 1 781
104 596 1 798
396 834 1 800
765 232 1 807
101 567 1 809
67 43 1 810
467 469 1 816
600 177 1 820
194 465 1 824
476 513 1 827
119 357 1 830
218 419 1 837
450 149 1 841
96 2 1 843
162 333 1 844
241 760 1 848
250 733 1 851
591 337 1 860
TEST 32:
70
320 108 1 6
271 49 1 10
45 106 1 11
378 141 1 15
379 377 1 18
187 37 1 21
118 26 1 31
324 228 1 33
64 268 1 39
44 195 1 40
116 83 1 46
330 368 1 51
306 199 1 54
320 9 1 57
334 13 1 58
141 109 1 60
121 38 1 62
61 298 1 72
184 61 1 73
149 61 1 74
322 331 1 79
166 256 1 82
223 323 1 90
368 44 1 92
65 80 1 97
288 354 1 99
295 128 1 102
139 256 1 103
116 324 1 112
251 237 1 113
204 267 1 114
14 23 1 115
311 361 1 129
204 167 1 130
326 216 1 131
172 106 1 140
237 75 1 145
137 23 1 147
168 63 1 150
288 334 1 177
128 226 1 188
187 379 1 190
151 158 1 194
118 136 1 196
319 215 1 211
156 363 1 218
146 327 1 250
124 204 1 258
224 327 1 273
7 235 1 274
176 19 1 275
301 374 1 285
65 311 1 287
27 69 1 294
59 330 1 305
229 371 1 314
55 169 1 325
78 220 1 332
91 216 1 337
178 379 1 341
207 94 1 343
338 118 1 344
170 12 1 345
335 207 1 351
279 213 1 355
151 63 1 362
123 252 1 364
235 205 1 370
156 50 1 372
232 183 1 375
TEST 33:
13
17 24 1 7
69 67 1 15
68 30 1 19
5 40 1 21
14 44 1 28
34 3 1 48
45 23 1 50
58 71 1 51
17 12 1 60
42 25 1 62
13 55 1 65
13 75 1 74
31 23 1 76
TEST 34:
77
49 351 1 11
270 431 1 13
223 207 1 19
311 123 1 23
440 103 1 25
305 149 1 32
286 239 1 42
242 407 1 45
78 28 1 48
289 128 1 59
311 392 1 63
311 334 1 64
44 70 1 77
256 295 1 90
275 1 1 92
280 303 1 97
399 83 1 112
244 68 1 115
225 187 1 116
28 80 1 122
335 253 1 124
155 376 1 139
144 91 1 148
338 169 1 151
2 4 1 153
278 370 1 156
276 433 1 162
447 210 1 167
91 60 1 172
439 109 1 176
147 155 1 181
267 238 1 186
106 72 1 189
96 340 1 196
40 274 1 202
380 147 1 205
231 353 1 213
227 290 1 215
21 238 1 219
177 335 1 220
138 403 1 230
43 452 1 236
403 89 1 246
102 333 1 252
432 31 1 258
190 114 1 262
385 452 1 269
408 184 1 281
47 238 1 282
267 65 1 284
399 113 1 285
173 40 1 293
41 326 1 296
5 439 1 299
2 54 1 300
187 87 1 306
169 135 1 308
81 244 1 315
320 218 1 327
352 323 1 342
385 254 1 345
227 123 1 349
247 238 1 356
386 317 1 357
180 291 1 359
194 118 1 360
241 336 1 362
51 338 1 382
343 158 1 388
18 114 1 393
441 56 1 394
67 339 1 405
149 446 1 421
312 49 1 428
431 80 1 429
354 436 1 434
93 234 1 451
TEST 35:
23
123 111 1 2
67 132 1 4
29 128 1 5
29 15 1 23
69 85 1 26
33 65 1 37
85 58 1 38
117 25 1 46
69 125 1 53
29 107 1 56
42 77 1 60
74 70 1 73
52 2 1 78
29 58 1 87
98 57 1 92
42 44 1 97
127 134 1 100
64 16 1 102
85 137 1 113
75 101 1 115
131 81 1 126
89 116 1 135
20 136 1 140
TEST 36:
64
384 391 1 2
30 53 1 3
351 211 1 5
385 237 1 6
53 368 1 7
345 40 1 12
233 293 1 25
233 177 1 36
309 173 1 46
268 13 1 64
402 92 1 70
173 126 1 73
312 10 1 82
222 167 1 85
322 269 1 90
32 385 1 91
96 293 1 97
222 170 1 102
178 87 1 120
271 402 1 125
351 331 1 128
337 183 1 135
301 41 1 138
74 223 1 145
151 282 1 152
360 31 1 153
178 17 1 156
294 4 1 157
324 108 1 159
121 181 1 161
121 111 1 171
56 168 1 187
26 93 1 190
45 114 1 199
93 271 1 202
213 363 1 204
193 238 1 209
270 353 1 218
185 289 1 220
405 227 1 221
253 59 1 232
31 78 1 235
349 114 1 247
253 115 1 249
10 293 1 250
251 362 1 260
96 112 1 267
251 262 1 272
326 400 1 281
81 191 1 298
35 191 1 300
177 144 1 305
37 290 1 306
176 63 1 316
320 361 1 319
117 80 1 338
37 27 1 340
119 325 1 343
331 283 1 355
322 38 1 380
371 129 1 395
246 251 1 396
65 311 1 401
312 144 1 406
TEST 37:
138
123 59 1 2
436 139 1 5
310 48 1 14
361 156 1 17
788 605 1 63
113 361 1 66
113 271 1 73
178 769 1 77
300 672 1 79
599 7 1 87
501 781 1 94
673 115 1 95
624 203 1 98
489 352 1 99
127 53 1 114
426 678 1 128
278 248 1 131
319 173 1 133
366 745 1 136
494 594 1 140
680 208 1 148
537 560 1 158
40 687 1 163
452 359 1 164
183 223 1 166
362 655 1 168
249 189 1 171
405 809 1 175
790 792 1 181
602 7 1 182
331 270 1 184
507 576 1 185
607 669 1 187
535 396 1 191
576 440 1 194
448 386 1 196
308 80 1 202
21 19 1 204
241 633 1 210
216 451 1 218
508 416 1 220
147 321 1 224
598 160 1 233
728 595 1 236
216 151 1 244
684 659 1 254
523 173 1 258
357 728 1 272
88 151 1 276
499 377 1 285
132 40 1 292
13 454 1 296
61 173 1 297
36 113 1 305
287 672 1 313
414 602 1 317
239 574 1 327
53 270 1 334
507 542 1 350
837 488 1 367
328 496 1 372
208 491 1 379
514 699 1 395
762 239 1 400
21 530 1 402
227 742 1 403
610 215 1 404
304 9 1 433
177 388 1 434
828 176 1 437
257 353 1 455
354 90 1 457
176 566 1 466
730 596 1 469
491 387 1 484
494 405 1 505
13 625 1 510
211 59 1 511
538 90 1 518
201 719 1 532
705 330 1 534
152 325 1 540
741 669 1 550
315 314 1 551
239 46 1 557
340 554 1 558
801 83 1 563
160 699 1 570
371 654 1 575
329 494 1 578
499 106 1 585
610 308 1 586
231 226 1 587
719 54 1 592
165 188 1 606
490 416 1 609
574 662 1 613
107 629 1 615
424 651 1 616
435 647 1 619
642 239 1 621
250 833 1 644
173 418 1 648
13 106 1 656
710 637 1 667
569 319 1 671
554 298 1 676
28 134 1 683
643 260 1 688
311 410 1 689
522 46 1 692
552 384 1 694
476 41 1 708
417 203 1 711
161 388 1 712
46 776 1 713
481 597 1 716
589 488 1 717
829 289 1 718
309 382 1 721
704 642 1 736
62 686 1 737
657 436 1 746
497 101 1 749
248 703 1 750
64 282 1 759
344 302 1 772
442 761 1 773
573 139 1 798
54 836 1 799
60 419 1 806
120 25 1 808
829 46 1 810
160 139 1 811
387 813 1 820
496 320 1 832
475 316 1 834
464 201 1 842
TEST 38:
108
114 166 1 3
537 181 1 4
501 606 1 21
68 255 1 28
355 375 1 30
617 410 1 31
537 61 1 32
102 649 1 43
149 50 1 57
7 218 1 63
252 119 1 73
620 350 1 77
100 83 1 86
238 537 1 93
423 330 1 104
18 22 1 105
353 548 1 117
451 482 1 126
340 472 1 129
138 160 1 132
583 34 1 133
631 335 1 141
184 368 1 143
364 701 1 146
83 326 1 147
265 605 1 163
709 249 1 172
44 316 1 180
346 491 1 182
551 363 1 185
35 366 1 188
434 331 1 190
647 155 1 192
324 592 1 193
298 328 1 212
328 329 1 214
99 602 1 219
325 474 1 227
114 377 1 228
201 378 1 230
422 521 1 232
627 422 1 233
456 588 1 236
600 6 1 242
277 655 1 251
186 592 1 253
218 263 1 258
450 166 1 289
26 705 1 290
102 222 1 307
517 48 1 310
626 434 1 315
528 598 1 319
130 336 1 320
85 395 1 337
622 272 1 339
137 90 1 344
269 350 1 354
311 558 1 359
537 355 1 361
511 415 1 373
103 125 1 392
352 484 1 404
496 576 1 412
399 195 1 414
345 592 1 421
280 128 1 426
2 662 1 430
195 157 1 435
125 609 1 436
261 360 1 437
169 293 1 481
518 422 1 488
448 409 1 493
525 476 1 497
476 80 1 500
554 524 1 504
438 74 1 505
65 614 1 520
441 699 1 523
685 626 1 529
134 431 1 534
583 336 1 535
699 378 1 550
20 549 1 565
347 625 1 569
39 601 1 571
273 243 1 584
687 308 1 590
465 348 1 596
255 210 1 607
478 210 1 616
201 476 1 630
699 115 1 632
353 592 1 635
268 134 1 645
237 417 1 646
415 167 1 650
453 537 1 651
514 299 1 652
91 642 1 658
148 74 1 661
386 263 1 665
241 559 1 673
10 431 1 675
386 490 1 696
691 202 1 702
167 379 1 711
TEST 39:
96
272 563 1 2
407 79 1 10
456 187 1 19
168 367 1 20
349 131 1 23
378 357 1 25
70 102 1 26
72 614 1 28
143 391 1 36
146 18 1 37
204 462 1 39
311 549 1 41
106 277 1 48
543 281 1 53
195 213 1 56
129 444 1 63
543 103 1 71
187 331 1 73
8 220 1 74
6 108 1 82
88 477 1 84
474 398 1 94
334 507 1 109
408 223 1 111
619 168 1 112
455 367 1 118
425 224 1 125
54 192 1 128
398 470 1 130
321 283 1 137
85 225 1 141
160 200 1 150
512 456 1 156
62 105 1 158
251 244 1 164
199 201 1 173
507 518 1 174
198 594 1 182
58 345 1 189
398 314 1 190
216 530 1 191
513 179 1 193
321 187 1 202
9 530 1 205
468 54 1 206
131 146 1 212
175 426 1 221
355 49 1 222
549 377 1 235
179 440 1 250
458 373 1 257
419 459 1 260
57 517 1 263
143 613 1 265
370 613 1 267
453 481 1 275
415 178 1 279
353 510 1 294
93 284 1 296
420 500 1 307
390 2 1 310
155 55 1 313
397 324 1 329
466 277 1 336
49 91 1 346
517 252 1 347
624 258 1 350
447 629 1 356
143 404 1 359
195 70 1 364
266 132 1 375
546 610 1 376
519 325 1 379
22 64 1 381
12 269 1 388
419 370 1 389
308 195 1 396
369 178 1 413
326 121 1 428
404 378 1 430
539 475 1 478
245 592 1 495
77 331 1 496
163 44 1 502
80 333 1 516
482 270 1 522
614 210 1 547
444 443 1 555
515 403 1 559
281 167 1 564
269 498 1 569
578 192 1 587
143 133 1 600
269 349 1 601
47 142 1 604
463 580 1 626
TEST 40:
23
93 101 1 2
133 113 1 5
8 86 1 6
67 126 1 17
31 37 1 18
83 61 1 19
81 91 1 21
63 115 1 23
125 45 1 26
117 57 1 35
52 104 1 42
115 103 1 60
73 40 1 65
121 92 1 77
119 10 1 78
22 29 1 89
114 44 1 94
48 136 1 96
54 37 1 97
54 119 1 105
58 66 1 120
106 136 1 127
39 91 1 130
TEST 41:
38
29 134 1 2
190 139 1 8
128 190 1 10
163 43 1 11
177 41 1 13
109 4 1 18
57 166 1 23
216 83 1 24
16 137 1 28
179 208 1 55
3 163 1 64
153 147 1 70
99 89 1 71
25 82 1 72
87 156 1 78
4 63 1 84
206 193 1 93
153 4 1 104
31 6 1 110
35 67 1 112
56 126 1 116
149 141 1 120
162 213 1 123
46 163 1 127
19 132 1 129
181 45 1 131
119 134 1 142
77 144 1 143
81 156 1 151
105 155 1 159
201 179 1 160
14 125 1 171
149 33 1 180
85 48 1 186
167 156 1 195
130 6 1 199
49 94 1 203
138 168 1 221
TEST 42:
170
739 762 1 2
717 192 1 3
821 926 1 4
731 463 1 5
511 77 1 6
512 772 1 8
506 694 1 13
903 81 1 15
45 745 1 26
294 607 1 28
120 580 1 35
870 232 1 38
68 551 1 46
580 495 1 47
854 197 1 48
194 542 1 50
22 313 1 51
194 828 1 54
454 269 1 65
494 179 1 70
555 93 1 75
465 780 1 76
436 780 1 92
40 107 1 95
263 325 1 98
813 459 1 100
317 384 1 105
832 478 1 116
522 464 1 118
679 197 1 119
589 850 1 123
254 407 1 130
787 601 1 132
680 254 1 133
10 215 1 134
803 492 1 136
254 464 1 138
876 695 1 139
324 828 1 140
515 743 1 142
650 77 1 145
109 733 1 155
828 217 1 161
392 825 1 164
766 290 1 174
257 157 1 177
440 37 1 180
39 682 1 185
154 463 1 186
838 153 1 188
549 94 1 199
505 763 1 201
549 389 1 205
179 796 1 208
464 625 1 211
168 849 1 224
691 798 1 233
784 429 1 234
561 663 1 235
865 939 1 237
167 385 1 238
190 10 1 248
626 842 1 251
268 319 1 265
506 840 1 266
203 737 1 277
191 358 1 278
346 900 1 279
868 770 1 283
252 619 1 285
744 58 1 306
103 711 1 315
643 532 1 322
263 375 1 326
22 548 1 330
250 768 1 334
209 644 1 335
43 574 1 337
925 390 1 340
757 795 1 348
916 345 1 355
624 86 1 359
327 559 1 360
214 152 1 363
536 762 1 369
660 19 1 374
523 789 1 382
680 262 1 387
149 892 1 391
505 58 1 395
579 704 1 403
74 713 1 406
463 808 1 411
658 810 1 420
148 245 1 427
109 543 1 433
425 258 1 439
730 684 1 445
522 670 1 448
167 332 1 451
175 214 1 452
57 239 1 471
619 818 1 473
769 257 1 474
31 303 1 481
626 767 1 493
884 824 1 496
671 675 1 497
895 927 1 502
267 301 1 508
275 37 1 519
339 798 1 520
294 679 1 521
782 9 1 529
831 125 1 534
137 569 1 537
353 488 1 541
648 149 1 545
643 311 1 552
885 701 1 564
884 528 1 587
242 486 1 588
773 882 1 591
9 287 1 593
381 358 1 594
67 624 1 595
215 244 1 605
849 81 1 606
556 861 1 628
897 690 1 640
353 413 1 641
851 55 1 642
919 670 1 645
827 882 1 646
97 735 1 668
97 557 1 689
398 462 1 703
651 202 1 708
469 364 1 710
19 673 1 720
196 125 1 726
402 751 1 740
213 737 1 749
717 896 1 750
650 503 1 752
461 680 1 755
131 635 1 758
220 110 1 764
560 127 1 771
175 311 1 778
786 728 1 790
806 868 1 802
97 694 1 823
509 883 1 833
811 742 1 837
126 600 1 845
647 634 1 856
549 147 1 857
742 619 1 879
637 796 1 887
618 518 1 889
821 907 1 893
416 810 1 905
271 631 1 906
874 880 1 908
892 462 1 921
662 489 1 922
514 84 1 924
602 546 1 937
902 9 1 938
TEST 43:
30
102 235 1 15
75 152 1 22
120 14 1 28
160 27 1 32
65 14 1 33
200 220 1 52
132 235 1 56
85 70 1 69
197 24 1 80
225 235 1 83
182 63 1 103
124 184 1 105
220 195 1 113
75 2 1 122
35 30 1 125
192 114 1 126
137 190 1 135
90 18 1 159
163 90 1 164
84 65 1 165
109 232 1 166
149 66 1 167
14 134 1 169
62 118 1 173
148 119 1 181
58 116 1 196
50 161 1 203
121 88 1 210
97 229 1 217
183 153 1 222
TEST 44:
69
213 200 1 2
213 205 1 3
112 127 1 5
389 56 1 6
36 219 1 8
37 108 1 12
48 2 1 19
386 173 1 20
205 353 1 21
303 324 1 31
396 183 1 32
142 96 1 33
271 173 1 51
303 232 1 55
100 198 1 74
172 185 1 80
88 104 1 83
270 56 1 86
420 275 1 95
240 325 1 98
77 295 1 114
329 166 1 125
386 379 1 129
325 202 1 134
67 194 1 136
57 313 1 137
382 389 1 141
251 267 1 145
117 77 1 147
41 400 1 149
34 260 1 154
88 261 1 161
335 143 1 165
50 349 1 168
119 419 1 171
78 280 1 174
281 185 1 175
150 219 1 176
352 41 1 177
28 18 1 203
77 226 1 209
11 187 1 214
408 100 1 216
173 181 1 224
155 332 1 231
162 106 1 233
215 52 1 239
418 362 1 248
150 110 1 263
104 164 1 265
223 58 1 273
217 42 1 284
316 345 1 287
99 42 1 293
69 9 1 308
275 37 1 342
11 213 1 346
195 330 1 347
300 79 1 356
229 395 1 363
291 286 1 369
295 121 1 370
303 221 1 372
106 309 1 383
11 236 1 384
249 244 1 398
237 393 1 399
232 127 1 410
91 82 1 416
TEST 45:
121
203 240 1 5
308 503 1 8
61 143 1 10
566 78 1 12
337 115 1 24
496 605 1 27
435 52 1 34
493 589 1 45
440 612 1 59
147 336 1 73
116 93 1 81
711 453 1 87
263 408 1 90
505 656 1 94
229 615 1 100
711 129 1 101
36 296 1 102
337 636 1 103
421 268 1 104
441 52 1 114
494 39 1 117
361 610 1 121
340 310 1 123
558 17 1 130
464 295 1 142
591 621 1 150
75 372 1 153
84 289 1 154
129 453 1 159
382 537 1 164
84 131 1 167
585 591 1 169
2 446 1 171
109 386 1 173
229 156 1 186
184 419 1 187
249 14 1 189
503 1 1 191
285 23 1 199
539 132 1 202
337 108 1 204
151 219 1 205
148 652 1 210
546 4 1 222
566 216 1 223
179 581 1 226
158 375 1 238
279 578 1 248
31 388 1 270
655 158 1 272
508 435 1 277
715 225 1 291
234 572 1 294
599 684 1 299
350 483 1 300
369 650 1 302
182 314 1 304
174 126 1 307
194 470 1 311
49 446 1 315
525 326 1 323
616 20 1 324
585 295 1 325
245 328 1 330
512 548 1 342
609 319 1 346
409 592 1 352
125 269 1 353
543 317 1 368
520 543 1 378
343 634 1 385
76 255 1 391
514 626 1 392
614 241 1 399
546 28 1 400
328 431 1 402
448 316 1 406
621 74 1 416
262 42 1 417
626 420 1 423
288 509 1 428
180 261 1 429
109 512 1 445
177 115 1 459
339 493 1 462
637 53 1 463
62 543 1 468
413 129 1 485
227 245 1 487
528 634 1 504
108 514 1 507
22 443 1 511
537 289 1 522
322 610 1 523
537 107 1 534
322 126 1 536
620 431 1 545
588 166 1 559
135 108 1 563
638 179 1 565
36 66 1 569
309 355 1 582
697 295 1 586
221 465 1 606
98 190 1 632
148 308 1 639
628 537 1 643
359 492 1 644
618 143 1 648
713 477 1 663
257 379 1 669
58 581 1 673
200 298 1 677
11 95 1 680
178 635 1 685
364 95 1 689
379 183 1 695
67 333 1 703
58 264 1 705
2 15 1 709
280 305 1 714
TEST 46:
36
5 37 1 6
161 116 1 7
197 164 1 9
139 135 1 10
34 22 1 17
69 146 1 24
48 45 1 30
62 93 1 31
34 37 1 32
159 40 1 39
165 51 1 50
25 219 1 54
112 52 1 58
40 165 1 60
23 135 1 66
4 161 1 68
63 47 1 75
26 1 1 76
190 44 1 80
135 74 1 81
64 67 1 95
148 100 1 106
93 139 1 110
87 216 1 121
146 8 1 124
138 23 1 127
117 63 1 132
145 14 1 137
183 130 1 152
148 126 1 156
168 196 1 158
45 53 1 179
88 102 1 185
99 15 1 201
204 133 1 207
204 82 1 214
TEST 47:
151
365 733 1 3
202 828 1 5
362 102 1 16
7 241 1 22
141 709 1 26
395 94 1 27
777 724 1 33
539 248 1 44
626 215 1 47
202 354 1 48
254 338 1 49
799 116 1 50
618 651 1 67
893 426 1 69
147 376 1 70
385 752 1 72
632 681 1 84
893 534 1 85
461 13 1 86
756 584 1 92
462 899 1 100
906 319 1 109
607 545 1 113
147 351 1 121
832 53 1 122
348 461 1 126
639 365 1 130
267 524 1 134
505 699 1 152
353 872 1 166
372 907 1 171
619 539 1 179
467 644 1 186
493 81 1 189
147 549 1 199
607 522 1 212
127 353 1 214
280 267 1 229
767 267 1 230
608 233 1 231
372 34 1 235
554 143 1 237
659 776 1 238
599 146 1 240
779 576 1 246
707 710 1 249
801 371 1 251
377 404 1 260
243 288 1 274
659 194 1 275
328 364 1 284
748 518 1 301
504 538 1 305
254 156 1 307
127 893 1 311
164 276 1 317
660 681 1 327
256 546 1 329
869 527 1 332
164 369 1 334
649 358 1 356
832 882 1 363
611 764 1 379
562 640 1 380
781 209 1 381
25 575 1 386
290 148 1 391
644 94 1 392
502 54 1 394
205 222 1 397
81 549 1 398
505 19 1 402
357 504 1 407
83 213 1 409
764 40 1 437
452 273 1 439
741 708 1 441
10 68 1 445
618 701 1 453
914 337 1 455
710 905 1 460
613 471 1 463
672 913 1 464
401 256 1 468
919 296 1 472
263 785 1 492
579 37 1 494
790 923 1 497
38 794 1 501
885 269 1 503
170 525 1 510
54 548 1 520
602 247 1 531
82 410 1 533
338 584 1 535
154 51 1 537
360 522 1 542
584 851 1 553
750 552 1 563
757 698 1 565
900 51 1 569
35 706 1 580
320 183 1 591
164 663 1 597
459 81 1 612
809 31 1 615
776 467 1 623
347 824 1 627
101 343 1 629
221 382 1 638
323 480 1 643
42 150 1 654
182 500 1 656
528 176 1 658
349 266 1 677
761 619 1 678
714 135 1 693
458 112 1 713
267 893 1 719
279 634 1 722
336 743 1 723
655 725 1 732
517 283 1 739
748 149 1 740
62 226 1 744
581 829 1 751
822 14 1 758
161 37 1 759
690 269 1 760
794 162 1 771
871 98 1 784
290 613 1 787
325 906 1 789
268 645 1 797
750 408 1 798
863 507 1 800
686 837 1 811
309 598 1 813
628 599 1 814
365 204 1 818
767 616 1 839
712 224 1 846
182 4 1 848
13 120 1 866
141 78 1 874
165 522 1 876
702 611 1 888
366 98 1 901
659 913 1 910
124 736 1 916
670 534 1 925
TEST 48:
47
128 233 1 8
128 180 1 13
158 105 1 14
210 181 1 18
215 170 1 19
209 90 1 40
193 124 1 44
121 180 1 52
109 89 1 56
26 113 1 57
152 190 1 67
22 66 1 72
131 211 1 78
245 243 1 84
73 46 1 85
142 82 1 92
113 76 1 96
258 152 1 107
210 37 1 112
231 50 1 118
117 16 1 125
75 236 1 127
110 214 1 134
20 196 1 140
82 224 1 143
230 231 1 145
128 71 1 146
64 81 1 147
17 234 1 151
6 119 1 159
83 80 1 164
16 141 1 169
108 195 1 172
228 263 1 176
210 229 1 177
105 208 1 183
251 79 1 186
33 193 1 188
17 163 1 191
100 138 1 192
2 79 1 198
199 229 1 203
80 29 1 219
28 17 1 221
30 155 1 235
58 69 1 239
245 157 1 257
TEST 49:
135
651 559 1 6
98 834 1 11
799 487 1 18
360 555 1 20
818 338 1 21
41 80 1 29
275 684 1 34
615 300 1 38
406 478 1 39
643 597 1 42
129 50 1 45
809 808 1 48
557 180 1 57
554 642 1 58
237 682 1 66
866 147 1 70
699 359 1 75
143 198 1 82
146 526 1 87
601 590 1 96
534 395 1 100
504 40 1 108
309 315 1 112
302 185 1 114
62 404 1 120
709 116 1 122
866 231 1 126
820 25 1 127
653 245 1 139
469 44 1 151
740 551 1 152
41 111 1 153
857 742 1 160
481 653 1 163
25 469 1 167
499 208 1 169
206 549 1 170
247 592 1 178
561 842 1 181
591 530 1 186
856 228 1 199
197 408 1 214
207 320 1 227
608 749 1 233
135 588 1 241
85 690 1 242
703 164 1 257
463 49 1 261
642 76 1 262
47 416 1 267
458 545 1 270
359 624 1 283
866 314 1 287
314 763 1 291
742 71 1 298
498 179 1 304
743 4 1 306
493 28 1 310
834 833 1 323
307 650 1 331
89 650 1 340
660 704 1 343
779 220 1 348
771 588 1 351
107 844 1 353
51 759 1 356
653 632 1 370
56 258 1 372
336 484 1 392
49 164 1 393
533 873 1 396
65 665 1 399
116 117 1 405
712 217 1 407
803 263 1 409
2 222 1 415
447 497 1 417
374 749 1 422
463 727 1 431
92 745 1 432
514 843 1 437
247 646 1 440
677 607 1 451
195 433 1 480
13 149 1 489
416 688 1 491
385 528 1 495
756 117 1 507
577 733 1 508
299 615 1 510
524 638 1 517
146 368 1 523
414 290 1 576
589 313 1 579
313 460 1 586
521 150 1 594
503 352 1 600
40 229 1 604
827 509 1 605
110 352 1 611
363 295 1 619
110 251 1 629
522 559 1 634
593 303 1 664
408 361 1 667
194 436 1 670
196 820 1 685
265 849 1 693
123 49 1 696
801 260 1 708
203 156 1 711
558 383 1 723
74 454 1 726
188 256 1 729
193 436 1 731
658 869 1 744
136 103 1 752
684 606 1 755
93 65 1 765
832 593 1 767
659 868 1 780
428 143 1 784
378 699 1 800
161 59 1 806
83 503 1 807
434 318 1 813
776 835 1 816
672 77 1 817
699 414 1 823
284 447 1 826
572 847 1 829
571 324 1 854
871 540 1 863
43 555 1 865
545 363 1 870
